请输入成绩（最多1000个），负数结束输入
输入的数组为:
44 25 10 91 71 72 93 93 8 93 
1 97 71 64 78 84 49 34 60 34 
8 82 46 92 41 49 86 38 34 17 
15 25 53 49 69 6 98 74 62 58 
47 33 96 74 1 66 72 30 27 5 
31 67 79 60 49 30 19 65 6 28 
67 91 48 7 95 57 80 96 97 39 
59 39 39 65 0 28 69 55 16 8 
35 27 45 81 14 76 17 10 26 54 
19 56 92 92 12 85 78 26 58 70 
99 17 11 73 14 8 69 30 28 37 
67 52 19 45 32 76 61 43 3 28 
32 85 77 26 1 83 13 82 99 72 
81 94 24 45 100 11 44 80 3 10 
38 49 63 6 20 87 3 64 68 83 
32 79 5 94 75 26 62 92 41 10 
73 20 45 38 95 9 32 64 78 94 
28 65 57 47 75 78 91 22 17 50 
31 2 84 30 80 2 91 65 72 75 
28 55 15 14 72 100 94 88 77 42 
34 5 87 30 37 51 11 72 20 77 
54 77 63 5 10 95 57 29 96 1 
2 56 36 58 66 75 15 8 93 16 
57 60 12 26 30 21 100 57 41 54 
68 14 0 8 65 38 20 100 23 33 
48 76 2 62 96 8 14 82 81 64 
79 13 22 3 39 93 17 44 90 92 
31 48 73 85 34 48 87 97 94 76 
56 86 4 39 93 80 37 65 6 53 
64 15 76 97 82 59 19 10 41 76 
35 20 34 37 100 5 0 76 91 83 
67 67 32 70 38 3 28 75 7 89 
12 63 83 91 77 34 56 73 71 54 
29 84 99 21 59 61 37 20 62 25 
89 17 46 19 80 9 90 93 34 15 
21 44 98 55 5 55 53 28 82 92 
62 26 16 17 32 97 27 75 13 28 
90 83 83 38 53 38 82 28 17 81 
72 6 66 8 36 54 47 85 4 85 
65 78 16 96 1 61 74 67 63 81 
8 70 75 82 44 76 21 44 16 86 
30 7 62 12 71 76 44 43 3 19 
8 100 11 96 97 90 34 80 82 28 
30 37 57 38 73 97 25 95 44 1 
71 43 17 6 70 76 51 26 1 87 
49 64 14 75 55 82 87 73 54 63 
74 81 81 18 45 99 45 23 3 19 
26 91 73 59 15 93 77 56 34 15 
17 5 62 5 49 46 88 16 42 25 
95 50 27 74 48 58 0 40 34 93 
37 8 58 7 30 32 96 59 0 33 
35 11 78 15 13 66 68 97 71 83 
56 93 10 46 22 47 25 90 85 37 
71 19 98 13 15 92 7 57 67 93 
15 51 22 13 54 18 100 4 60 13 
66 36 100 49 19 51 73 30 18 6 
62 3 23 52 2 2 3 42 16 86 
28 49 99 97 97 8 83 71 60 61 
75 18 63 32 47 24 61 86 66 60 
46 17 88 95 53 21 76 63 97 74 
28 83 29 75 77 95 41 70 25 25 
75 100 49 80 65 42 32 87 22 25 
76 16 86 31 100 34 69 36 41 88 
69 58 48 6 40 41 33 15 97 44 
84 6 14 89 38 15 31 84 92 61 
15 6 26 61 99 60 47 15 1 100 
70 19 23 69 22 18 25 69 42 36 
59 21 82 32 41 52 44 90 93 31 
96 97 68 51 13 14 33 87 16 44 
75 82 93 44 62 40 94 1 97 47 
94 65 56 64 56 10 96 20 69 58 
38 31 43 71 19 27 65 45 77 41 
22 51 63 3 30 43 59 18 56 55 
44 100 68 60 24 80 81 84 68 46 
65 23 70 33 11 16 12 72 11 100 
63 22 99 95 27 7 64 85 1 97 
72 72 8 45 4 39 3 93 68 23 
85 50 85 79 59 30 47 48 27 14 
90 84 94 20 7 45 1 18 75 43 
46 40 27 32 64 11 91 86 5 83 
29 56 7 73 84 23 93 44 21 6 
79 53 93 53 43 51 35 99 19 39 
50 86 51 57 93 55 66 77 57 56 
7 78 81 34 45 51 23 46 13 86 
100 75 29 47 61 97 99 77 5 7 
65 80 66 67 2 31 3 40 73 56 
53 84 50 30 40 36 88 72 8 27 
36 38 59 91 22 52 24 51 91 18 
11 18 46 48 15 49 87 87 79 77 
68 76 62 65 38 42 76 52 59 2 
61 95 89 85 45 88 92 90 44 0 
47 56 68 24 5 15 79 82 72 10 
15 4 95 23 36 73 84 72 8 43 
90 48 36 22 55 25 54 28 65 33 
100 19 28 39 17 53 46 18 100 8 
73 1 82 19 5 98 22 41 20 34 
56 96 44 35 93 35 47 46 95 99 
3 20 43 44 77 51 40 4 39 75 
64 31 29 18 83 87 15 92 9 38 
98 6 4 65 56 29 61 45 22 22 
分数与人数的对应关系为:
100 16
99 10
98 5
97 16
96 10
95 11
94 8
93 18
92 10
91 10
90 9
89 4
88 6
87 10
86 9
85 10
84 10
83 11
82 13
81 9
80 9
79 7
78 7
77 12
76 14
75 15
74 6
73 12
72 13
71 9
70 7
69 8
68 9
67 8
66 8
65 15
64 10
63 9
62 10
61 10
60 8
59 10
58 7
57 9
56 15
55 8
54 8
53 9
52 5
51 11
50 5
49 11
48 9
47 11
46 11
45 12
44 17
43 9
42 6
41 10
40 7
39 9
38 13
37 8
36 9
35 6
34 14
33 7
32 11
31 9
30 13
29 7
28 15
27 9
26 9
25 11
24 5
23 9
22 13
21 7
20 10
19 14
18 11
17 12
16 10
15 18
14 9
13 9
12 5
11 9
10 9
9 3
8 16
7 10
6 12
5 12
4 7
3 13
2 8
1 12
0 6
